900107464
1198248640
335553142
1164051808
1035200213
352499680
999118099
242012503
2021976280
1832739377
426145355
1864060239
486987469
1016116037
410724547
515579133
332343960
872450070
1883011300
445619378
1296787086
208601903
2019122577
1520595272
1810803899
288124788
967543576
821602140
1976390791
398854386
909171251
629646929
350853768
1006194886
395697907
1014112379
328913344
629425953
421539507
725987072
1483800766
1672180842
373584393
872050644
1929671677
78331842
1585126462
797104592
571257133
1463039563
235530331
506180483
1916642974
382517900
457153994
1885971449
1601051055
693987669
881360746
366039449
1742278810
1785853696
655201742
1251618713
1729454172
1203043134
1989822787
234671908
2018916790
176985583
581129227
1257519403
946336111
1465758744
496613915
1837823151
1011864351
1336019753
2075577653
1506820825
476919685
365418795
1847460634
218854845
870163402
1024926269
487671313
1813695056
260727280
1312361460
379932807
226181317
191491559
719427801
541326434
1934762565
1007450732
887098057
286388267
895800618
1608399133
1058259052
1029187903
42576015
44969886
1782883636
1168839831
229624570
1044516303
1225397847
889899569
226704258
1812056453
620616806
396966776
2134145762
412047265
2087473948
227259374
690773478
347969569
1369462012
1459159298
1909819452
1716769076
913613513
313711231
1247636604
635115216
170046964
654500410
1757360093
1777509056
1578009938
872758108
1719928069
930025679
123910474
540533559
169115439
786013722
2074783113
1808286131
1159513539
1011749308
77746394
1242253465
631133834
1258284672
1379414011
815766099
1585213437
700507523
2068620718
696060372
1075850
392747822
344480046
430421745
2131251817
304865225
1591326731
1590062558
696709791
1284409341
1870410521
2078772017
1083142885
1753331973
609656766
1773336745
2039848475
1253038128
1526558933
1919875332
1792848334
1138440061
1681141448
1266783572
1460439334
1421411445
849339945
878180218
1457594945
1558863434
69831734
1445789771
794475735
375236059
1142725191
222737919
1478951167
1652905036
1919055765
886235323
1591028293
69063742
881269938
277613775
396575745
