438557537
1864560048
990947591
980411883
1364875354
1247406621
271024058
131926194
920297219
820336507
1012562364
670066924
1549280937
1369586799
1040301634
1790057013
1690053831
1979693965
932576662
855842988
1253956409
755744497
1237903098
1087965783
483723808
242242137
221737212
418463804
435099202
283512082
1645911538
1490846386
321403989
1070087091
749808370
310441732
191956606
1692875068
724671784
270559481
1328649944
662329169
1702263910
814414449
764225697
464531721
1533946064
2021790431
1451556886
6009790
188280745
349047791
1876708646
1152886018
1069746520
1489974805
1198990478
1785076888
1812608420
1494812099
624291629
1690688755
415855664
1239108435
1288729641
2109698062
1413126415
354615157
36093310
650929293
1174663146
6505178
478834776
466979635
1585602173
137830156
295121870
1568756219
863086835
881860485
866620601
1809070958
389192010
500570754
1712353937
391319897
136589075
516443035
1231568109
234389638
1278363502
2089492144
1010834375
1010172138
1255584616
2041513302
11523659
60279016
2035523298
778332920
681977055
937597042
528953857
1698552064
2028522531
2146725289
2048006628
2065734190
946904339
977405121
106871201
524023377
2070036801
332326161
13274541
825241805
1573000952
1749647013
974095307
1400113132
1403140035
1485886752
1433079639
1444017005
1120634029
1159629576
170520394
2032603470
1569236234
411570783
562047796
1448248165
1352011924
939551074
362752061
1970562540
383708122
2075785334
794372141
1817101026
1461547978
1249674794
236336944
787490960
368094613
15368845
987658780
1140005980
2107689852
1111585620
323059078
1505993271
1332249844
486926662
228384987
1338147426
1701265980
2035459300
1984052756
882379617
155837609
1949492245
1206746855
383512830
1238779790
457092375
1059044347
281457202
1239046820
461995623
1520527385
681314169
1151681641
915322822
1219387384
669132441
1538008631
557466564
1498413934
542293507
1371703114
117727943
603806591
699897077
519069263
1300684724
1520408512
1385646527
1017835355
1799545139
129883519
1102580056
1554659575
1156300410
529621933
1734993955
178452452
521402375
105700785
2008931110
1342046878
953152536
1936411928
1166957166
1693299176
1869436229
145879472
149114399
1683453032
1180105192
706502710
1552000050
1627387955
692168545
1117255669
1291571188
1835059891
770527005
1839775962
786723664
1984655043
2038087983
24191029
1641540538
951702792
675296008
559324355
981530121
1656250677
207735304
989711541
1444584449
594435942
1488348715
15411380
893382118
829102571
1104959249
436567940
314003729
334422033
251380444
1102806774
1761145918
1986957636
1517405042
286550506
137304799
705417887
726116545
1291141008
397193934
214387698
2132358912
58356795
1589790228
435970243
1527342900
1108040743
1006993171
275007496
1290417309
1970741504
432544778
1532962704
1798660105
358080245
1943115339
477278850
522803334
1159399617
1955071387
2082054462
616255602
330685898
293034207
1726906955
652899206
1775053101
1138206718
1154859730
1853518004
556386123
884053951
1520719184
1349709110
1449566124
546701403
1544369877
531010709
53123547
231262719
662711743
842140641
1252927648
488546147
1093134130
856898793
679112036
79218301
1425715911
324304472
1492864929
1121729027
329186859
947366636
1818107138
635456449
1609319578
391903060
369162837
40002021
349757038
1753032231
1173196213
63142686
681300813
506974165
1573761150
1937942672
2043056792
1502885451
1638525914
1461675684
971720179
566942735
1508647464
603781327
1627862180
2108647050
71850044
87384019
456098441
325496467
1049597105
1667655431
970802006
1342970439
437208980
1192874511
766493470
410536207
14153581
307708705
1409996403
1737144842
924703773
928223588
1182005340
86749997
2063477184
1520633710
1518760950
1313076164
519671239
293897162
432934820
1033327263
137643404
2017834313
1611829491
1288829251
475521431
1589776665
1928754317
893603869
795826857
1170736711
1599605876
1800712511
645522509
29313969
1970357873
1241645600
1353653477
722060998
946843648
195273507
741729714
1187661710
394963098
2051369139
1168745499
2118575539
441089282
1667855064
2017351961
1950536216
60663468
1266052967
553143731
1136855950
376447012
1614578985
865668011
923755655
258776197
1620914435
1741497087
558524762
1039082064
902252012
1638510092
697931922
148352726
1423957648
1350537079
614268430
1044670401
73927817
1599316740
728730537
769613667
701710304
2146003900
1585576561
1048996951
614909108
1906067081
974694883
277475170
148424731
604743709
838363468
1461119760
2054000186
1470480063
766136782
372718935
2045200466
1900958049
1317230616
1343244560
784401889
1579403662
1577216255
1215591661
2129381150
200211642
739759482
571873306
1141555388
1737235775
1019163322
1477330786
744905077
1994270146
164773497
1649528846
8261800
1520873105
189695113
2050012462
105099442
898790568
2054871234
567165131
1506506545
338695334
369462903
1639586025
1094686237
616728145
1665972581
1342328242
1649972298
2086780469
1112072917
223052448
1629194997
2020547047
1561709938
34472910
1889495832
2075334735
518344282
664865225
1713655207
927898304
512606905
741330521
1245569230
1772636271
439522726
1210558033
1816776073
808127244
69747369
1668374150
1304348503
133541920
1603595673
1118675268
1097557813
1791619833
1967010406
717339568
671962700
718487412
244965602
689613760
201796813
2095621178
512691303
520339085
319236723
1680688708
887407502
191222333
608521437
656961761
310149982
1141277885
1226790344
1535129199
1150841547
1165334641
681806193
1279852028
927686692
1035302288
984794711
327484689
386297152
349317291
2000841264
1679114366
54272465
2003592322
1331448970
482643454
1779565378
2054481438
1078675238
843908336
681987113
1423106760
1079511724
419734749
1655343181
1499152475
1832667766
1264378068
1308472688
1643580531
639957133
1965988595
785624668
474626655
1347717309
1940104168
1153931505
2144325616
30024536
1910399178
1783435411
2033767092
1903858974
1761344236
822547579
369036526
385294681
1351163531
788961864
503141246
1238521743
885807520
267902503
1922683726
2065365347
322353062
1785633287
753257138
1429681041
599050119
880987394
1671317880
1667218631
1360865676
969768113
828045317
1609858943
657787211
1500741286
1216752255
170355655
522938142
1224265644
2071903378
239551354
1331453486
700635290
1793610634
1428201362
40425461
1462276455
2054249709
630302914
1951134645
1030142316
1015889351
205782876
1233340021
2014491557
1314928140
1869575208
412083840
1705502126
360032754
1703396810
1813539174
1326081846
1251722137
279383135
2053490072
469087286
244808538
1697912004
1196957329
279705624
440487415
532420518
1534020729
1330977352
1339491093
2136906327
523294266
1234858072
130403733
444026286
1706054446
1251267710
1966057535
1965943761
768926301
1881604470
1256005152
866370088
453976170
960568082
1262463845
1248811076
1493478306
665279136
218716618
640258826
1496625869
129953772
198795325
1092198279
779591759
1317852308
1288168034
770170329
1802537942
714072783
1894773843
1299649723
951999122
2094539556
1988806916
589686748
2020755370
880251236
495973414
984970438
220068118
1454005916
111536335
228923756
1575262061
1373973555
192519457
944968278
2011085058
88572083
1970560963
307584755
1869256894
79134275
1664664159
460515643
947373156
2132834058
1519292891
1220596411
1048016289
522013940
1709267489
1729243779
1784580866
1491450575
1568923797
362309885
2101121314
1869267578
594861639
562332132
141045692
893437542
1356990828
758057594
1224258741
1738688665
284656161
1037174125
1145925364
79466218
508015536
302173163
491820749
247657394
1776086572
1632761478
231975991
733326103
1411364412
1200314224
1259110644
447719130
1722184469
327044082
592593125
580558835
1641414582
1314131657
2077249961
626421707
1432468837
2024764721
1142105127
356399633
275188426
1434154751
1801140829
1993507864
2023364721
134698184
1583040395
1032295844
1889624383
1838169115
532023419
1693007723
685610348
226624391
104280143
5114185
2053688377
1451533353
1017531994
40908190
1141767897
1257839479
1364339178
1135458689
1648737985
487316115
1847801574
1643984056
791159585
1362632934
377733151
1420768891
2044870516
1006327128
336700548
715912012
481883728
1614053631
1276108841
628933363
266047734
437958854
882820366
2103879765
1878469685
260653707
2055886471
181546477
1696711507
1229825111
1997479060
443438607
1255488848
1713663468
1326665035
1485550945
255725471
388207685
230858913
497945140
1672875716
1703592542
524300311
405532386
1140362201
2122964567
1850462464
1238786426
777418731
1650316423
1518169168
664454653
1222287018
1050928200
1496432766
1546097094
153640283
1109067602
1182380079
995907090
2009703295
2108967014
484446759
780071506
853399628
1422126434
1002835612
1448939825
379393432
2107298103
1528822464
1661114236
900874270
1705519067
1177791765
704217637
770907264
867905328
1547102212
1427051027
347179498
1886650417
15777031
1363852363
1258731941
1494699440
1628579981
250397122
881510746
1164238508
1457461325
1551343355
2140318315
2014609842
582212434
2005396972
396879593
73218816
1734867821
532289079
1631779701
85258658
942012666
1074658908
245171136
2021010886
329362190
820834749
1440881829
106408623
1817240856
1768830967
1437286984
525821035
797956592
895959840
704269707
1136894587
94009992
323377721
1854823995
1320851921
53599161
1714789643
2001167285
236604881
836176005
1096791990
1331799799
237640937
1455511300
1910967048
1277800770
695659536
2127157764
249328386
832162818
649770543
1075216718
1401413882
1914617522
1396172170
147524269
88215447
1935253783
1096714693
1895563606
767593850
1987371659
27872805
1123407133
1876146646
1941871429
562041356
1137382925
44253473
1560650065
412950855
607510251
1238126236
1121641946
420667202
1568625357
988698174
1920469873
427165887
1734036530
1207230511
107751489
66732485
18312935
1367906468
1533422519
372069853
778134302
1831905812
991318533
1706283989
1594119628
1114523884
422079920
1042459231
712723097
1168590347
1071684288
538693465
1540251139
1431387882
1385593444
602949509
129881148
988129515
240535048
1570706326
507421364
1685667609
705769209
504911631
797430198
1256198830
1625466238
270764059
466416347
164930889
657063490
925743247
1712549161
1225043013
941576731
1506476993
1059674389
629443526
1269805790
1317036416
558950948
136670000
127806416
1770472552
1221341580
510847089
1692598265
248016053
1909045985
887965518
1357408905
1611699638
1463146029
1079783323
645188196
1071560322
997181620
1255515162
836382915
347126365
1469351021
2100725222
2076863469
1297419198
656509197
2086753255
1945909570
66133690
1178650548
1356342537
1676657438
1714985209
703915436
1215748322
